# calculated optical constants
# columns: E, rs, rp, ∆
# 
# 15 deg incidence angle.
# 1e6 rays
# 
 10.0	 0.05705	 0.03311	-39.2987
 11.0	 0.05646	 0.03381	-37.2079
 12.0	 0.05571	 0.03366	-35.1989
 13.0	 0.05555	 0.03481	-34.1315
 14.0	 0.05572	 0.03643	-33.6033
 15.0	 0.05565	 0.03726	-32.9511
 16.0	 0.05523	 0.03723	-31.8546
 17.0	 0.05450	 0.03658	-30.6664
 18.0	 0.05390	 0.03529	-30.1170
 19.0	 0.05387	 0.03401	-30.6264
 20.0	 0.05493	 0.03463	-32.6856
 21.0	 0.05621	 0.03644	-34.7349
 22.0	 0.05718	 0.03873	-35.7098
 23.0	 0.05765	 0.04083	-35.2906
 24.0	 0.05724	 0.04183	-32.9231
 25.0	 0.05632	 0.04229	-30.1963
 26.0	 0.05599	 0.04117	-30.4077
 27.0	 0.05541	 0.04098	-29.2990
 28.0	 0.05522	 0.04035	-29.4167
 29.0	 0.05494	 0.04019	-29.0663
 30.0	 0.05540	 0.04210	-28.2404
 31.0	 0.05609	 0.04344	-28.4451
 32.0	 0.05660	 0.04483	-28.0136
 33.0	 0.05641	 0.04525	-27.1162
 34.0	 0.05628	 0.04552	-26.4079
 35.0	 0.05610	 0.04570	-25.7275
 36.0	 0.05583	 0.04577	-25.0487
 37.0	 0.05549	 0.04569	-24.4246
 38.0	 0.05522	 0.04561	-23.9033
 39.0	 0.05498	 0.04555	-23.3823
 40.0	 0.05471	 0.04546	-22.9383
 41.0	 0.05445	 0.04540	-22.5258
 42.0	 0.05428	 0.04539	-22.1364
 43.0	 0.05415	 0.04542	-21.8230
 44.0	 0.05403	 0.04546	-21.4883
 45.0	 0.05392	 0.04560	-21.1543
 46.0	 0.05381	 0.04569	-20.7872
 47.0	 0.05365	 0.04570	-20.3998
 48.0	 0.05343	 0.04570	-20.0128
 49.0	 0.05317	 0.04557	-19.6265
 50.0	 0.05285	 0.04539	-19.1861
 51.0	 0.05236	 0.04498	-18.8197
 52.0	 0.05210	 0.04479	-18.5266
 53.0	 0.05179	 0.04457	-18.2700
 54.0	 0.05152	 0.04433	-18.0317
 55.0	 0.05120	 0.04407	-17.7756
 56.0	 0.05094	 0.04384	-17.5924
 57.0	 0.05087	 0.04383	-17.4819
 58.0	 0.05078	 0.04379	-17.4093
 59.0	 0.05091	 0.04399	-17.3540
 60.0	 0.05097	 0.04414	-17.2815
 61.0	 0.05107	 0.04436	-17.1538
 62.0	 0.05118	 0.04459	-17.0815
 63.0	 0.05157	 0.04511	-17.0815
 64.0	 0.05184	 0.04558	-16.9371
 65.0	 0.05204	 0.04594	-16.7546
 66.0	 0.05224	 0.04631	-16.5556
 67.0	 0.05237	 0.04661	-16.3179
 68.0	 0.05240	 0.04682	-16.0642
 69.0	 0.05238	 0.04695	-15.8266
 70.0	 0.05224	 0.04696	-15.5179
 71.0	 0.05218	 0.04696	-15.2804
 72.0	 0.05194	 0.04684	-15.0279
 73.0	 0.05191	 0.04691	-14.8461
 74.0	 0.05177	 0.04683	-14.6088
 75.0	 0.05163	 0.04680	-14.4271
 76.0	 0.05148	 0.04670	-14.2456
 77.0	 0.05151	 0.04678	-14.1340
 78.0	 0.05152	 0.04688	-13.9525
 79.0	 0.05156	 0.04701	-13.7711
 80.0	 0.05154	 0.04709	-13.5897
 81.0	 0.05148	 0.04713	-13.4085
 82.0	 0.05130	 0.04701	-13.2273
 83.0	 0.05089	 0.04664	-12.9903
 84.0	 0.05082	 0.04653	-12.9903
 85.0	 0.05100	 0.04678	-12.9343
 86.0	 0.05144	 0.04733	-12.8782
 87.0	 0.05177	 0.04778	-12.7533
 88.0	 0.05206	 0.04819	-12.6285
 89.0	 0.05227	 0.04854	-12.4478
 90.0	 0.05249	 0.04884	-12.3233
 91.0	 0.05268	 0.04916	-12.1549
 92.0	 0.05287	 0.04944	-11.9744
 93.0	 0.05310	 0.04976	-11.7940
 94.0	 0.05319	 0.04994	-11.5576
 95.0	 0.05331	 0.05016	-11.3774
 96.0	 0.05330	 0.05024	-11.1523
 97.0	 0.05331	 0.05030	-10.9722
 98.0	 0.05330	 0.05039	-10.7923
 99.0	 0.05325	 0.05039	-10.5668
100.0	 0.05326	 0.05045	-10.3870
101.0	 0.05325	 0.05050	-10.2074
102.0	 0.05330	 0.05065	-10.0379
103.0	 0.05332	 0.05071	-9.8584
104.0	 0.05330	 0.05075	-9.6791
105.0	 0.05336	 0.05086	-9.5095
106.0	 0.05326	 0.05082	-9.3303
107.0	 0.05326	 0.05087	-9.1039
108.0	 0.05314	 0.05080	-8.9249
109.0	 0.05302	 0.05069	-8.7549
110.0	 0.05293	 0.05065	-8.5761
111.0	 0.05269	 0.05047	-8.4060
112.0	 0.05261	 0.05040	-8.2274
113.0	 0.05243	 0.05027	-8.0571
114.0	 0.05221	 0.05007	-7.8788
115.0	 0.05214	 0.04999	-7.7083
116.0	 0.05189	 0.04980	-7.5303
117.0	 0.05167	 0.04959	-7.3597
118.0	 0.05150	 0.04943	-7.1890
119.0	 0.05124	 0.04923	-7.0112
120.0	 0.05099	 0.04899	-6.8405
121.0	 0.05077	 0.04878	-6.7266
122.0	 0.05055	 0.04857	-6.5491
123.0	 0.05021	 0.04824	-6.3782
124.0	 0.04991	 0.04800	-6.2072
125.0	 0.04961	 0.04771	-6.0300
126.0	 0.04931	 0.04742	-5.9160
127.0	 0.04897	 0.04710	-5.7448
128.0	 0.04870	 0.04683	-5.5736
129.0	 0.04840	 0.04655	-5.3968
130.0	 0.04812	 0.04628	-5.2256
131.0	 0.04770	 0.04588	-5.0542
132.0	 0.04728	 0.04547	-4.8779
133.0	 0.04672	 0.04493	-4.7065
134.0	 0.04604	 0.04423	-4.4779
135.0	 0.04534	 0.04352	-4.3063
136.0	 0.04445	 0.04267	-4.1305
137.0	 0.04363	 0.04183	-3.9590
138.0	 0.04274	 0.04090	-3.7874
139.0	 0.04176	 0.03992	-3.6157
140.0	 0.04078	 0.03894	-3.4439
141.0	 0.03980	 0.03797	-3.2721
142.0	 0.03867	 0.03681	-3.1575
143.0	 0.03753	 0.03570	-2.9856
144.0	 0.03637	 0.03453	-2.8137
145.0	 0.03507	 0.03323	-2.6990
146.0	 0.03389	 0.03204	-2.5843
147.0	 0.03262	 0.03078	-2.4696
148.0	 0.03157	 0.02973	-2.3549
149.0	 0.03033	 0.02851	-2.2401
150.0	 0.02934	 0.02751	-2.1827
151.0	 0.02826	 0.02646	-2.0680
152.0	 0.02734	 0.02554	-2.0106
153.0	 0.02637	 0.02458	-1.9532
154.0	 0.02548	 0.02371	-1.8384
155.0	 0.02462	 0.02286	-1.7809
156.0	 0.02369	 0.02195	-1.7235
157.0	 0.02289	 0.02119	-1.6661
158.0	 0.02202	 0.02035	-1.6678
159.0	 0.02136	 0.01970	-1.6103
160.0	 0.02067	 0.01902	-1.5528
161.0	 0.01997	 0.01835	-1.5528
162.0	 0.01936	 0.01777	-1.4953
163.0	 0.01881	 0.01724	-1.4953
164.0	 0.01823	 0.01668	-1.4953
165.0	 0.01770	 0.01617	-1.4378
166.0	 0.01714	 0.01563	-1.4393
167.0	 0.01673	 0.01524	-1.3817
168.0	 0.01621	 0.01475	-1.3817
169.0	 0.01576	 0.01433	-1.3817
170.0	 0.01528	 0.01386	-1.3817
171.0	 0.01488	 0.01349	-1.3242
172.0	 0.01447	 0.01310	-1.3242
173.0	 0.01408	 0.01274	-1.3242
174.0	 0.01372	 0.01240	-1.3242
175.0	 0.01338	 0.01208	-1.3255
176.0	 0.01310	 0.01181	-1.3255
177.0	 0.01278	 0.01152	-1.3255
178.0	 0.01260	 0.01134	-1.3255
179.0	 0.01228	 0.01104	-1.3255
180.0	 0.01209	 0.01086	-1.3255
181.0	 0.01179	 0.01057	-1.3255
182.0	 0.01154	 0.01034	-1.3255
183.0	 0.01136	 0.01018	-1.3255
184.0	 0.01129	 0.01011	-1.3255
185.0	 0.01099	 0.00984	-1.3255
186.0	 0.01082	 0.00967	-1.3269
187.0	 0.01067	 0.00953	-1.3269
188.0	 0.01043	 0.00931	-1.3269
189.0	 0.01027	 0.00917	-1.3269
190.0	 0.01025	 0.00914	-1.3269
191.0	 0.01002	 0.00892	-1.3269
192.0	 0.00999	 0.00890	-1.3845
193.0	 0.00986	 0.00878	-1.3845
194.0	 0.00972	 0.00865	-1.3845
195.0	 0.00951	 0.00845	-1.3845
196.0	 0.00947	 0.00842	-1.3845
197.0	 0.00933	 0.00829	-1.3845
198.0	 0.00937	 0.00832	-1.3845
199.0	 0.00926	 0.00822	-1.3845
200.0	 0.00914	 0.00811	-1.3845
